     0.000000000000E+00     0.137865505950E+00
     0.100000000000E-01     0.137873473025E+00
     0.200000000000E-01     0.137897406479E+00
     0.300000000000E-01     0.137937300323E+00
     0.400000000000E-01     0.137993163006E+00
     0.500000000000E-01     0.138065006184E+00
     0.600000000000E-01     0.138152844773E+00
     0.700000000000E-01     0.138256696951E+00
     0.800000000000E-01     0.138376584141E+00
     0.900000000000E-01     0.138512530985E+00
     0.100000000000E+00     0.138664565318E+00
     0.110000000000E+00     0.138832718133E+00
     0.120000000000E+00     0.139017023542E+00
     0.130000000000E+00     0.139217518731E+00
     0.140000000000E+00     0.139434243916E+00
     0.150000000000E+00     0.139667242290E+00
     0.160000000000E+00     0.139916559964E+00
     0.170000000000E+00     0.140182245907E+00
     0.180000000000E+00     0.140464351880E+00
     0.190000000000E+00     0.140762932364E+00
     0.200000000000E+00     0.141078044484E+00
     0.210000000000E+00     0.141409747928E+00
     0.220000000000E+00     0.141758104862E+00
     0.230000000000E+00     0.142123179833E+00
     0.240000000000E+00     0.142505039675E+00
     0.250000000000E+00     0.142903753409E+00
     0.260000000000E+00     0.143319392127E+00
     0.270000000000E+00     0.143752028881E+00
     0.280000000000E+00     0.144201738563E+00
     0.290000000000E+00     0.144668597772E+00
     0.300000000000E+00     0.145152684691E+00
     0.310000000000E+00     0.145654078935E+00
     0.320000000000E+00     0.146172861407E+00
     0.330000000000E+00     0.146709114153E+00
     0.340000000000E+00     0.147262920187E+00
     0.350000000000E+00     0.147834363331E+00
     0.360000000000E+00     0.148423528038E+00
     0.370000000000E+00     0.149030499209E+00
     0.380000000000E+00     0.149655361997E+00
     0.390000000000E+00     0.150298201614E+00
     0.400000000000E+00     0.150959103120E+00
     0.410000000000E+00     0.151638151208E+00
     0.420000000000E+00     0.152335429981E+00
     0.430000000000E+00     0.153051022719E+00
     0.440000000000E+00     0.153785011635E+00
     0.450000000000E+00     0.154537477629E+00
     0.460000000000E+00     0.155308500025E+00
     0.470000000000E+00     0.156098156305E+00
     0.480000000000E+00     0.156906521833E+00
     0.490000000000E+00     0.157733669571E+00
     0.500000000000E+00     0.158579669772E+00
     0.510000000000E+00     0.159444589670E+00
     0.520000000000E+00     0.160328493172E+00
     0.530000000000E+00     0.161231440548E+00
     0.540000000000E+00     0.162153488122E+00
     0.550000000000E+00     0.163094687847E+00
     0.560000000000E+00     0.164055086949E+00
     0.570000000000E+00     0.165034727658E+00
     0.580000000000E+00     0.166033646892E+00
     0.590000000000E+00     0.167051875614E+00
     0.600000000000E+00     0.168089438554E+00
     0.610000000000E+00     0.169146354106E+00
     0.620000000000E+00     0.170222633528E+00
     0.630000000000E+00     0.171318280433E+00
     0.640000000000E+00     0.172433291069E+00
     0.650000000000E+00     0.173567653130E+00
     0.660000000000E+00     0.174721345335E+00
     0.670000000000E+00     0.175894338043E+00
     0.680000000000E+00     0.177086591084E+00
     0.690000000000E+00     0.178298054678E+00
     0.700000000000E+00     0.179528668858E+00
     0.710000000000E+00     0.180778361483E+00
     0.720000000000E+00     0.182047050649E+00
     0.730000000000E+00     0.183334640628E+00
     0.740000000000E+00     0.184641024773E+00
     0.750000000000E+00     0.185966082656E+00
     0.760000000000E+00     0.187309680441E+00
     0.770000000000E+00     0.188671671303E+00
     0.780000000000E+00     0.190051892234E+00
     0.790000000000E+00     0.191450167979E+00
     0.800000000000E+00     0.192866304593E+00
     0.810000000000E+00     0.194300096287E+00
     0.820000000000E+00     0.195751316455E+00
     0.830000000000E+00     0.197219726746E+00
     0.840000000000E+00     0.198705066166E+00
     0.850000000000E+00     0.200207061859E+00
     0.860000000000E+00     0.201725416823E+00
     0.870000000000E+00     0.203259821701E+00
     0.880000000000E+00     0.204809942198E+00
     0.890000000000E+00     0.206375430211E+00
     0.900000000000E+00     0.207955913422E+00
     0.910000000000E+00     0.209551002409E+00
     0.920000000000E+00     0.211160286644E+00
     0.930000000000E+00     0.212783332801E+00
     0.940000000000E+00     0.214419691905E+00
     0.950000000000E+00     0.216068885245E+00
     0.960000000000E+00     0.217730423519E+00
     0.970000000000E+00     0.219403784045E+00
     0.980000000000E+00     0.221088432316E+00
     0.990000000000E+00     0.222783805862E+00
     0.100000000000E+01     0.224489320103E+00
     0.101000000000E+01     0.226204375101E+00
     0.102000000000E+01     0.227928336546E+00
     0.103000000000E+01     0.229660561825E+00
     0.104000000000E+01     0.231400375285E+00
     0.105000000000E+01     0.233147082708E+00
     0.106000000000E+01     0.234899974221E+00
     0.107000000000E+01     0.236658304793E+00
     0.108000000000E+01     0.238421322507E+00
     0.109000000000E+01     0.240188245675E+00
     0.110000000000E+01     0.241958269951E+00
     0.111000000000E+01     0.243730582753E+00
     0.112000000000E+01     0.245504336023E+00
     0.113000000000E+01     0.247278671347E+00
     0.114000000000E+01     0.249052714956E+00
     0.115000000000E+01     0.250825561873E+00
     0.116000000000E+01     0.252596302643E+00
     0.117000000000E+01     0.254364007299E+00
     0.118000000000E+01     0.256127722385E+00
     0.119000000000E+01     0.257886491771E+00
     0.120000000000E+01     0.259639338054E+00
     0.121000000000E+01     0.261385267198E+00
     0.122000000000E+01     0.263123283147E+00
     0.123000000000E+01     0.264852371704E+00
     0.124000000000E+01     0.266571507051E+00
     0.125000000000E+01     0.268279662110E+00
     0.126000000000E+01     0.269975797585E+00
     0.127000000000E+01     0.271658866418E+00
     0.128000000000E+01     0.273327821122E+00
     0.129000000000E+01     0.274981609588E+00
     0.130000000000E+01     0.276619176170E+00
     0.131000000000E+01     0.278239465232E+00
     0.132000000000E+01     0.279841423999E+00
     0.133000000000E+01     0.281424002919E+00
     0.134000000000E+01     0.282986152662E+00
     0.135000000000E+01     0.284526830994E+00
     0.136000000000E+01     0.286045010243E+00
     0.137000000000E+01     0.287539664520E+00
     0.138000000000E+01     0.289009773581E+00
     0.139000000000E+01     0.290454345380E+00
     0.140000000000E+01     0.291872396652E+00
     0.141000000000E+01     0.293262945806E+00
     0.142000000000E+01     0.294625043190E+00
     0.143000000000E+01     0.295957767889E+00
     0.144000000000E+01     0.297260200020E+00
     0.145000000000E+01     0.298531437114E+00
     0.146000000000E+01     0.299770633039E+00
     0.147000000000E+01     0.300976953031E+00
     0.148000000000E+01     0.302149564780E+00
     0.149000000000E+01     0.303287688358E+00
     0.150000000000E+01     0.304390594065E+00
     0.151000000000E+01     0.305457554220E+00
     0.152000000000E+01     0.306487855375E+00
     0.153000000000E+01     0.307480867633E+00
     0.154000000000E+01     0.308435991493E+00
     0.155000000000E+01     0.309352627564E+00
     0.156000000000E+01     0.310230212604E+00
     0.157000000000E+01     0.311068278884E+00
     0.158000000000E+01     0.311866374271E+00
     0.159000000000E+01     0.312624047484E+00
     0.160000000000E+01     0.313340905678E+00
     0.161000000000E+01     0.314016651042E+00
     0.162000000000E+01     0.314650994483E+00
     0.163000000000E+01     0.315243648707E+00
     0.164000000000E+01     0.315794398082E+00
     0.165000000000E+01     0.316303121085E+00
     0.166000000000E+01     0.316769702580E+00
     0.167000000000E+01     0.317194029063E+00
     0.168000000000E+01     0.317576058725E+00
     0.169000000000E+01     0.317915848044E+00
     0.170000000000E+01     0.318213460614E+00
     0.171000000000E+01     0.318468960567E+00
     0.172000000000E+01     0.318682469181E+00
     0.173000000000E+01     0.318854214527E+00
     0.174000000000E+01     0.318984436383E+00
     0.175000000000E+01     0.319073374526E+00
     0.176000000000E+01     0.319121300375E+00
     0.177000000000E+01     0.319128595344E+00
     0.178000000000E+01     0.319095664732E+00
     0.179000000000E+01     0.319022913839E+00
     0.180000000000E+01     0.318910757287E+00
     0.181000000000E+01     0.318759697812E+00
     0.182000000000E+01     0.318570286656E+00
     0.183000000000E+01     0.318343075566E+00
     0.184000000000E+01     0.318078616813E+00
     0.185000000000E+01     0.317777504001E+00
     0.186000000000E+01     0.317440401281E+00
     0.187000000000E+01     0.317067979696E+00
     0.188000000000E+01     0.316660910294E+00
     0.189000000000E+01     0.316219870347E+00
     0.190000000000E+01     0.315745589590E+00
     0.191000000000E+01     0.315238824033E+00
     0.192000000000E+01     0.314700329880E+00
     0.193000000000E+01     0.314130863348E+00
     0.194000000000E+01     0.313531191093E+00
     0.195000000000E+01     0.312902109851E+00
     0.196000000000E+01     0.312244421747E+00
     0.197000000000E+01     0.311558928906E+00
     0.198000000000E+01     0.310846433481E+00
     0.199000000000E+01     0.310107739234E+00
     0.200000000000E+01     0.309343652335E+00
     0.201000000000E+01     0.308554979152E+00
     0.202000000000E+01     0.307742526055E+00
     0.203000000000E+01     0.306907098805E+00
     0.204000000000E+01     0.306049486538E+00
     0.205000000000E+01     0.305170460127E+00
     0.206000000000E+01     0.304270789515E+00
     0.207000000000E+01     0.303351244639E+00
     0.208000000000E+01     0.302412594263E+00
     0.209000000000E+01     0.301455574434E+00
     0.210000000000E+01     0.300480885020E+00
     0.211000000000E+01     0.299489224014E+00
     0.212000000000E+01     0.298481289410E+00
     0.213000000000E+01     0.297457778592E+00
     0.214000000000E+01     0.296419352737E+00
     0.215000000000E+01     0.295366617193E+00
     0.216000000000E+01     0.294300172535E+00
     0.217000000000E+01     0.293220619338E+00
     0.218000000000E+01     0.292128558169E+00
     0.219000000000E+01     0.291024566977E+00
     0.220000000000E+01     0.289909152949E+00
     0.221000000000E+01     0.288782809467E+00
     0.222000000000E+01     0.287646029914E+00
     0.223000000000E+01     0.286499307671E+00
     0.224000000000E+01     0.285343130723E+00
     0.225000000000E+01     0.284177931308E+00
     0.226000000000E+01     0.283004108756E+00
     0.227000000000E+01     0.281822061970E+00
     0.228000000000E+01     0.280632189858E+00
     0.229000000000E+01     0.279434891258E+00
     0.230000000000E+01     0.278230548206E+00
     0.231000000000E+01     0.277019503549E+00
     0.232000000000E+01     0.275802094560E+00
     0.233000000000E+01     0.274578658512E+00
     0.234000000000E+01     0.273349532676E+00
     0.235000000000E+01     0.272115053301E+00
     0.236000000000E+01     0.270875536316E+00
     0.237000000000E+01     0.269631278989E+00
     0.238000000000E+01     0.268382577895E+00
     0.239000000000E+01     0.267129729607E+00
     0.240000000000E+01     0.265873030700E+00
     0.241000000000E+01     0.264612774759E+00
     0.242000000000E+01     0.263349228575E+00
     0.243000000000E+01     0.262082644807E+00
     0.244000000000E+01     0.260813275987E+00
     0.245000000000E+01     0.259541374647E+00
     0.246000000000E+01     0.258267193318E+00
     0.247000000000E+01     0.256990981268E+00
     0.248000000000E+01     0.255712964156E+00
     0.249000000000E+01     0.254433357265E+00
     0.250000000000E+01     0.253152375831E+00
     0.251000000000E+01     0.251870235089E+00
     0.252000000000E+01     0.250587150277E+00
     0.253000000000E+01     0.249303334515E+00
     0.254000000000E+01     0.248018980944E+00
     0.255000000000E+01     0.246734271716E+00
     0.256000000000E+01     0.245449388871E+00
     0.257000000000E+01     0.244164514446E+00
     0.258000000000E+01     0.242879830481E+00
     0.259000000000E+01     0.241595518417E+00
     0.260000000000E+01     0.240311745657E+00
     0.261000000000E+01     0.239028665363E+00
     0.262000000000E+01     0.237746430062E+00
     0.263000000000E+01     0.236465192285E+00
     0.264000000000E+01     0.235185104557E+00
     0.265000000000E+01     0.233906319402E+00
     0.266000000000E+01     0.232628983442E+00
     0.267000000000E+01     0.231353226245E+00
     0.268000000000E+01     0.230079174322E+00
     0.269000000000E+01     0.228806954182E+00
     0.270000000000E+01     0.227536692333E+00
     0.271000000000E+01     0.226268515285E+00
     0.272000000000E+01     0.225002548853E+00
     0.273000000000E+01     0.223738906958E+00
     0.274000000000E+01     0.222477693537E+00
     0.275000000000E+01     0.221219012215E+00
     0.276000000000E+01     0.219962966615E+00
     0.277000000000E+01     0.218709660364E+00
     0.278000000000E+01     0.217459197085E+00
     0.279000000000E+01     0.216211678263E+00
     0.280000000000E+01     0.214967192383E+00
     0.281000000000E+01     0.213725823047E+00
     0.282000000000E+01     0.212487653851E+00
     0.283000000000E+01     0.211252768392E+00
     0.284000000000E+01     0.210021250263E+00
     0.285000000000E+01     0.208793183062E+00
     0.286000000000E+01     0.207568647541E+00
     0.287000000000E+01     0.206347712819E+00
     0.288000000000E+01     0.205130445042E+00
     0.289000000000E+01     0.203916910355E+00
     0.290000000000E+01     0.202707174903E+00
     0.291000000000E+01     0.201501304830E+00
     0.292000000000E+01     0.200299366283E+00
     0.293000000000E+01     0.199101423225E+00
     0.294000000000E+01     0.197907529573E+00
     0.295000000000E+01     0.196717736345E+00
     0.296000000000E+01     0.195532094562E+00
     0.297000000000E+01     0.194350655245E+00
     0.298000000000E+01     0.193173469412E+00
     0.299000000000E+01     0.192000588085E+00
     0.300000000000E+01     0.190832061406E+00
     0.301000000000E+01     0.189667931598E+00
     0.302000000000E+01     0.188508236684E+00
     0.303000000000E+01     0.187353014650E+00
     0.304000000000E+01     0.186202303479E+00
     0.305000000000E+01     0.185056141156E+00
     0.306000000000E+01     0.183914565665E+00
     0.307000000000E+01     0.182777614912E+00
     0.308000000000E+01     0.181645322565E+00
     0.309000000000E+01     0.180517715961E+00
     0.310000000000E+01     0.179394821919E+00
     0.311000000000E+01     0.178276667260E+00
     0.312000000000E+01     0.177163278804E+00
     0.313000000000E+01     0.176054683370E+00
     0.314000000000E+01     0.174950907779E+00
     0.315000000000E+01     0.173851978119E+00
     0.316000000000E+01     0.172757914583E+00
     0.317000000000E+01     0.171668734516E+00
     0.318000000000E+01     0.170584455242E+00
     0.319000000000E+01     0.169505094088E+00
     0.320000000000E+01     0.168430668377E+00
     0.321000000000E+01     0.167361195437E+00
     0.322000000000E+01     0.166296692593E+00
     0.323000000000E+01     0.165237175787E+00
     0.324000000000E+01     0.164182655625E+00
     0.325000000000E+01     0.163133141422E+00
     0.326000000000E+01     0.162088642495E+00
     0.327000000000E+01     0.161049168160E+00
     0.328000000000E+01     0.160014727731E+00
     0.329000000000E+01     0.158985330526E+00
     0.330000000000E+01     0.157960985861E+00
     0.331000000000E+01     0.156941701727E+00
     0.332000000000E+01     0.155927481679E+00
     0.333000000000E+01     0.154918328339E+00
     0.334000000000E+01     0.153914244328E+00
     0.335000000000E+01     0.152915232270E+00
     0.336000000000E+01     0.151921294785E+00
     0.337000000000E+01     0.150932434496E+00
     0.338000000000E+01     0.149948654025E+00
     0.339000000000E+01     0.148969955301E+00
     0.340000000000E+01     0.147996336610E+00
     0.341000000000E+01     0.147027795041E+00
     0.342000000000E+01     0.146064327684E+00
     0.343000000000E+01     0.145105931627E+00
     0.344000000000E+01     0.144152603959E+00
     0.345000000000E+01     0.143204341771E+00
     0.346000000000E+01     0.142261142151E+00
     0.347000000000E+01     0.141323002058E+00
     0.348000000000E+01     0.140389916128E+00
     0.349000000000E+01     0.139461877003E+00
     0.350000000000E+01     0.138538877259E+00
     0.351000000000E+01     0.137620909473E+00
     0.352000000000E+01     0.136707966222E+00
     0.353000000000E+01     0.135800040083E+00
     0.354000000000E+01     0.134897123631E+00
     0.355000000000E+01     0.133999209445E+00
     0.356000000000E+01     0.133106289495E+00
     0.357000000000E+01     0.132218353339E+00
     0.358000000000E+01     0.131335389934E+00
     0.359000000000E+01     0.130457388237E+00
     0.360000000000E+01     0.129584337204E+00
     0.361000000000E+01     0.128716225792E+00
     0.362000000000E+01     0.127853042957E+00
     0.363000000000E+01     0.126994777656E+00
     0.364000000000E+01     0.126141418839E+00
     0.365000000000E+01     0.125292954595E+00
     0.366000000000E+01     0.124449371250E+00
     0.367000000000E+01     0.123610654920E+00
     0.368000000000E+01     0.122776791718E+00
     0.369000000000E+01     0.121947767759E+00
     0.370000000000E+01     0.121123569157E+00
     0.371000000000E+01     0.120304182026E+00
     0.372000000000E+01     0.119489592480E+00
     0.373000000000E+01     0.118679786628E+00
     0.374000000000E+01     0.117874749898E+00
     0.375000000000E+01     0.117074466388E+00
     0.376000000000E+01     0.116278920044E+00
     0.377000000000E+01     0.115488094810E+00
     0.378000000000E+01     0.114701974630E+00
     0.379000000000E+01     0.113920543448E+00
     0.380000000000E+01     0.113143785208E+00
     0.381000000000E+01     0.112371683856E+00
     0.382000000000E+01     0.111604223336E+00
     0.383000000000E+01     0.110841387293E+00
     0.384000000000E+01     0.110083158316E+00
     0.385000000000E+01     0.109329518760E+00
     0.386000000000E+01     0.108580450980E+00
     0.387000000000E+01     0.107835937331E+00
     0.388000000000E+01     0.107095960167E+00
     0.389000000000E+01     0.106360501843E+00
     0.390000000000E+01     0.105629544713E+00
     0.391000000000E+01     0.104903071134E+00
     0.392000000000E+01     0.104181063418E+00
     0.393000000000E+01     0.103463503287E+00
     0.394000000000E+01     0.102750372013E+00
     0.395000000000E+01     0.102041650858E+00
     0.396000000000E+01     0.101337321083E+00
     0.397000000000E+01     0.100637363949E+00
     0.398000000000E+01     0.999417607174E-01
     0.399000000000E+01     0.992504926494E-01
     0.400000000000E+01     0.985635410061E-01
     0.401000000000E+01     0.978808870489E-01
     0.402000000000E+01     0.972025119463E-01
     0.403000000000E+01     0.965283964214E-01
     0.404000000000E+01     0.958585210638E-01
     0.405000000000E+01     0.951928664626E-01
     0.406000000000E+01     0.945314132074E-01
     0.407000000000E+01     0.938741418874E-01
     0.408000000000E+01     0.932210330920E-01
     0.409000000000E+01     0.925720674107E-01
     0.410000000000E+01     0.919272254327E-01
     0.411000000000E+01     0.912864877475E-01
     0.412000000000E+01     0.906498348863E-01
     0.413000000000E+01     0.900172471697E-01
     0.414000000000E+01     0.893887048708E-01
     0.415000000000E+01     0.887641882622E-01
     0.416000000000E+01     0.881436776168E-01
     0.417000000000E+01     0.875271532076E-01
     0.418000000000E+01     0.869145953074E-01
     0.419000000000E+01     0.863059841890E-01
     0.420000000000E+01     0.857013001253E-01
     0.421000000000E+01     0.851005233891E-01
     0.422000000000E+01     0.845036342511E-01
     0.423000000000E+01     0.839106129688E-01
     0.424000000000E+01     0.833214397953E-01
     0.425000000000E+01     0.827360949836E-01
     0.426000000000E+01     0.821545587867E-01
     0.427000000000E+01     0.815768114576E-01
     0.428000000000E+01     0.810028332492E-01
     0.429000000000E+01     0.804326044147E-01
     0.430000000000E+01     0.798661052070E-01
     0.431000000000E+01     0.793033158791E-01
     0.432000000000E+01     0.787442166882E-01
     0.433000000000E+01     0.781887879963E-01
     0.434000000000E+01     0.776370102763E-01
     0.435000000000E+01     0.770888640061E-01
     0.436000000000E+01     0.765443296637E-01
     0.437000000000E+01     0.760033877272E-01
     0.438000000000E+01     0.754660186745E-01
     0.439000000000E+01     0.749322029837E-01
     0.440000000000E+01     0.744019211327E-01
     0.441000000000E+01     0.738751535995E-01
     0.442000000000E+01     0.733518808622E-01
     0.443000000000E+01     0.728320834380E-01
     0.444000000000E+01     0.723157421145E-01
     0.445000000000E+01     0.718028377938E-01
     0.446000000000E+01     0.712933513781E-01
     0.447000000000E+01     0.707872637697E-01
     0.448000000000E+01     0.702845558710E-01
     0.449000000000E+01     0.697852085843E-01
     0.450000000000E+01     0.692892028118E-01
     0.451000000000E+01     0.687965194560E-01
     0.452000000000E+01     0.683071394190E-01
     0.453000000000E+01     0.678210436033E-01
     0.454000000000E+01     0.673382129820E-01
     0.455000000000E+01     0.668586289118E-01
     0.456000000000E+01     0.663822728786E-01
     0.457000000000E+01     0.659091263686E-01
     0.458000000000E+01     0.654391708678E-01
     0.459000000000E+01     0.649723878623E-01
     0.460000000000E+01     0.645087588381E-01
     0.461000000000E+01     0.640482652813E-01
     0.462000000000E+01     0.635908886780E-01
     0.463000000000E+01     0.631366105142E-01
     0.464000000000E+01     0.626854122760E-01
     0.465000000000E+01     0.622372754914E-01
     0.466000000000E+01     0.617921821090E-01
     0.467000000000E+01     0.613501143204E-01
     0.468000000000E+01     0.609110543202E-01
     0.469000000000E+01     0.604749843027E-01
     0.470000000000E+01     0.600418864626E-01
     0.471000000000E+01     0.596117429942E-01
     0.472000000000E+01     0.591845360921E-01
     0.473000000000E+01     0.587602479508E-01
     0.474000000000E+01     0.583388607647E-01
     0.475000000000E+01     0.579203567284E-01
     0.476000000000E+01     0.575047180381E-01
     0.477000000000E+01     0.570919271381E-01
     0.478000000000E+01     0.566819669669E-01
     0.479000000000E+01     0.562748205221E-01
     0.480000000000E+01     0.558704708010E-01
     0.481000000000E+01     0.554689008010E-01
     0.482000000000E+01     0.550700935197E-01
     0.483000000000E+01     0.546740319543E-01
     0.484000000000E+01     0.542806991023E-01
     0.485000000000E+01     0.538900779612E-01
     0.486000000000E+01     0.535021515283E-01
     0.487000000000E+01     0.531169028012E-01
     0.488000000000E+01     0.527343147941E-01
     0.489000000000E+01     0.523543709328E-01
     0.490000000000E+01     0.519770550668E-01
     0.491000000000E+01     0.516023510648E-01
     0.492000000000E+01     0.512302427956E-01
     0.493000000000E+01     0.508607141281E-01
     0.494000000000E+01     0.504937489310E-01
     0.495000000000E+01     0.501293310732E-01
     0.496000000000E+01     0.497674444234E-01
     0.497000000000E+01     0.494080728505E-01
     0.498000000000E+01     0.490512002232E-01
     0.499000000000E+01     0.486968104104E-01
     0.500000000000E+01     0.483448872945E-01
     0.501000000000E+01     0.479954151668E-01
     0.502000000000E+01     0.476483787878E-01
     0.503000000000E+01     0.473037629436E-01
     0.504000000000E+01     0.469615524206E-01
     0.505000000000E+01     0.466217320050E-01
     0.506000000000E+01     0.462842864831E-01
     0.507000000000E+01     0.459492006411E-01
     0.508000000000E+01     0.456164592653E-01
     0.509000000000E+01     0.452860471419E-01
     0.510000000000E+01     0.449579490572E-01
     0.511000000000E+01     0.446321497975E-01
     0.512000000000E+01     0.443086341492E-01
     0.513000000000E+01     0.439873871122E-01
     0.514000000000E+01     0.436683943057E-01
     0.515000000000E+01     0.433516414603E-01
     0.516000000000E+01     0.430371143068E-01
     0.517000000000E+01     0.427247985758E-01
     0.518000000000E+01     0.424146799981E-01
     0.519000000000E+01     0.421067443043E-01
     0.520000000000E+01     0.418009772252E-01
     0.521000000000E+01     0.414973644914E-01
     0.522000000000E+01     0.411958918336E-01
     0.523000000000E+01     0.408965449827E-01
     0.524000000000E+01     0.405993096691E-01
     0.525000000000E+01     0.403041716397E-01
     0.526000000000E+01     0.400111170774E-01
     0.527000000000E+01     0.397201326437E-01
     0.528000000000E+01     0.394312050245E-01
     0.529000000000E+01     0.391443209059E-01
     0.530000000000E+01     0.388594669738E-01
     0.531000000000E+01     0.385766299143E-01
     0.532000000000E+01     0.382957964131E-01
     0.533000000000E+01     0.380169531565E-01
     0.534000000000E+01     0.377400868302E-01
     0.535000000000E+01     0.374651841203E-01
     0.536000000000E+01     0.371922317127E-01
     0.537000000000E+01     0.369212162934E-01
     0.538000000000E+01     0.366521245694E-01
     0.539000000000E+01     0.363849437088E-01
     0.540000000000E+01     0.361196613313E-01
     0.541000000000E+01     0.358562650756E-01
     0.542000000000E+01     0.355947425800E-01
     0.543000000000E+01     0.353350814830E-01
     0.544000000000E+01     0.350772694232E-01
     0.545000000000E+01     0.348212940391E-01
     0.546000000000E+01     0.345671429692E-01
     0.547000000000E+01     0.343148038520E-01
     0.548000000000E+01     0.340642643259E-01
     0.549000000000E+01     0.338155120295E-01
     0.550000000000E+01     0.335685346013E-01
     0.551000000000E+01     0.333233196818E-01
     0.552000000000E+01     0.330798551963E-01
     0.553000000000E+01     0.328381296513E-01
     0.554000000000E+01     0.325981316238E-01
     0.555000000000E+01     0.323598496909E-01
     0.556000000000E+01     0.321232724295E-01
     0.557000000000E+01     0.318883884167E-01
     0.558000000000E+01     0.316551862296E-01
     0.559000000000E+01     0.314236544451E-01
     0.560000000000E+01     0.311937816404E-01
     0.561000000000E+01     0.309655563925E-01
     0.562000000000E+01     0.307389672784E-01
     0.563000000000E+01     0.305140028752E-01
     0.564000000000E+01     0.302906517599E-01
     0.565000000000E+01     0.300689025474E-01
     0.566000000000E+01     0.298487443600E-01
     0.567000000000E+01     0.296301666824E-01
     0.568000000000E+01     0.294131590068E-01
     0.569000000000E+01     0.291977108256E-01
     0.570000000000E+01     0.289838116312E-01
     0.571000000000E+01     0.287714509161E-01
     0.572000000000E+01     0.285606181724E-01
     0.573000000000E+01     0.283513028928E-01
     0.574000000000E+01     0.281434945694E-01
     0.575000000000E+01     0.279371826947E-01
     0.576000000000E+01     0.277323567610E-01
     0.577000000000E+01     0.275290062608E-01
     0.578000000000E+01     0.273271206863E-01
     0.579000000000E+01     0.271266895782E-01
     0.580000000000E+01     0.269277029942E-01
     0.581000000000E+01     0.267301513071E-01
     0.582000000000E+01     0.265340248939E-01
     0.583000000000E+01     0.263393141316E-01
     0.584000000000E+01     0.261460093975E-01
     0.585000000000E+01     0.259541010685E-01
     0.586000000000E+01     0.257635795217E-01
     0.587000000000E+01     0.255744351343E-01
     0.588000000000E+01     0.253866582833E-01
     0.589000000000E+01     0.252002393458E-01
     0.590000000000E+01     0.250151686988E-01
     0.591000000000E+01     0.248314367196E-01
     0.592000000000E+01     0.246490337851E-01
     0.593000000000E+01     0.244679502819E-01
     0.594000000000E+01     0.242881769504E-01
     0.595000000000E+01     0.241097049861E-01
     0.596000000000E+01     0.239325256144E-01
     0.597000000000E+01     0.237566300607E-01
     0.598000000000E+01     0.235820095502E-01
     0.599000000000E+01     0.234086553085E-01
     0.600000000000E+01     0.232365585608E-01
     0.601000000000E+01     0.230657105324E-01
     0.602000000000E+01     0.228961024489E-01
     0.603000000000E+01     0.227277255354E-01
     0.604000000000E+01     0.225605710174E-01
     0.605000000000E+01     0.223946301202E-01
     0.606000000000E+01     0.222298940693E-01
     0.607000000000E+01     0.220663540899E-01
     0.608000000000E+01     0.219040014681E-01
     0.609000000000E+01     0.217428279897E-01
     0.610000000000E+01     0.215828256858E-01
     0.611000000000E+01     0.214239865891E-01
     0.612000000000E+01     0.212663027324E-01
     0.613000000000E+01     0.211097661485E-01
     0.614000000000E+01     0.209543688701E-01
     0.615000000000E+01     0.208001029300E-01
     0.616000000000E+01     0.206469603610E-01
     0.617000000000E+01     0.204949331958E-01
     0.618000000000E+01     0.203440134672E-01
     0.619000000000E+01     0.201941932080E-01
     0.620000000000E+01     0.200454644510E-01
     0.621000000000E+01     0.198978192289E-01
     0.622000000000E+01     0.197512495745E-01
     0.623000000000E+01     0.196057475783E-01
     0.624000000000E+01     0.194613058035E-01
     0.625000000000E+01     0.193179170448E-01
     0.626000000000E+01     0.191755740981E-01
     0.627000000000E+01     0.190342697597E-01
     0.628000000000E+01     0.188939968256E-01
     0.629000000000E+01     0.187547480919E-01
     0.630000000000E+01     0.186165163548E-01
     0.631000000000E+01     0.184792944104E-01
     0.632000000000E+01     0.183430750548E-01
     0.633000000000E+01     0.182078510842E-01
     0.634000000000E+01     0.180736152945E-01
     0.635000000000E+01     0.179403604820E-01
     0.636000000000E+01     0.178080794428E-01
     0.637000000000E+01     0.176767649729E-01
     0.638000000000E+01     0.175464098762E-01
     0.639000000000E+01     0.174170072534E-01
     0.640000000000E+01     0.172885505919E-01
     0.641000000000E+01     0.171610334050E-01
     0.642000000000E+01     0.170344492059E-01
     0.643000000000E+01     0.169087915079E-01
     0.644000000000E+01     0.167840538242E-01
     0.645000000000E+01     0.166602296681E-01
     0.646000000000E+01     0.165373125530E-01
     0.647000000000E+01     0.164152959920E-01
     0.648000000000E+01     0.162941734983E-01
     0.649000000000E+01     0.161739385854E-01
     0.650000000000E+01     0.160545847664E-01
     0.651000000000E+01     0.159361055546E-01
     0.652000000000E+01     0.158184944632E-01
     0.653000000000E+01     0.157017450056E-01
     0.654000000000E+01     0.155858507257E-01
     0.655000000000E+01     0.154708055466E-01
     0.656000000000E+01     0.153566036465E-01
     0.657000000000E+01     0.152432392084E-01
     0.658000000000E+01     0.151307064154E-01
     0.659000000000E+01     0.150189994504E-01
     0.660000000000E+01     0.149081124964E-01
     0.661000000000E+01     0.147980397364E-01
     0.662000000000E+01     0.146887753534E-01
     0.663000000000E+01     0.145803135305E-01
     0.664000000000E+01     0.144726484505E-01
     0.665000000000E+01     0.143657742966E-01
     0.666000000000E+01     0.142596852518E-01
     0.667000000000E+01     0.141543754989E-01
     0.668000000000E+01     0.140498392211E-01
     0.669000000000E+01     0.139460706013E-01
     0.670000000000E+01     0.138430638365E-01
     0.671000000000E+01     0.137408134267E-01
     0.672000000000E+01     0.136393141648E-01
     0.673000000000E+01     0.135385608558E-01
     0.674000000000E+01     0.134385483045E-01
     0.675000000000E+01     0.133392713159E-01
     0.676000000000E+01     0.132407246948E-01
     0.677000000000E+01     0.131429032462E-01
     0.678000000000E+01     0.130458017750E-01
     0.679000000000E+01     0.129494150861E-01
     0.680000000000E+01     0.128537379844E-01
     0.681000000000E+01     0.127587652748E-01
     0.682000000000E+01     0.126644917622E-01
     0.683000000000E+01     0.125709122516E-01
     0.684000000000E+01     0.124780215478E-01
     0.685000000000E+01     0.123858144557E-01
     0.686000000000E+01     0.122942857803E-01
     0.687000000000E+01     0.122034304157E-01
     0.688000000000E+01     0.121132436384E-01
     0.689000000000E+01     0.120237208277E-01
     0.690000000000E+01     0.119348573630E-01
     0.691000000000E+01     0.118466486233E-01
     0.692000000000E+01     0.117590899881E-01
     0.693000000000E+01     0.116721768364E-01
     0.694000000000E+01     0.115859045477E-01
     0.695000000000E+01     0.115002685010E-01
     0.696000000000E+01     0.114152640758E-01
     0.697000000000E+01     0.113308866512E-01
     0.698000000000E+01     0.112471316064E-01
     0.699000000000E+01     0.111639943208E-01
     0.700000000000E+01     0.110814701736E-01
