     0.000000000000E+00    -0.605261085383E+01
     0.100000000000E-01    -0.605260169919E+01
     0.200000000000E-01    -0.605252567088E+01
     0.300000000000E-01    -0.605225187006E+01
     0.400000000000E-01    -0.605156492357E+01
     0.500000000000E-01    -0.605017944589E+01
     0.600000000000E-01    -0.604776727911E+01
     0.700000000000E-01    -0.604400129293E+01
     0.800000000000E-01    -0.603860949790E+01
     0.900000000000E-01    -0.603142317215E+01
     0.100000000000E+00    -0.602240044567E+01
     0.110000000000E+00    -0.601161743606E+01
     0.120000000000E+00    -0.599923510872E+01
     0.130000000000E+00    -0.598545866999E+01
     0.140000000000E+00    -0.597050341568E+01
     0.150000000000E+00    -0.595457270072E+01
     0.160000000000E+00    -0.593784716414E+01
     0.170000000000E+00    -0.592048169878E+01
     0.180000000000E+00    -0.590260668276E+01
     0.190000000000E+00    -0.588433109161E+01
     0.200000000000E+00    -0.586574603806E+01
     0.210000000000E+00    -0.584692809713E+01
     0.220000000000E+00    -0.582794215233E+01
     0.230000000000E+00    -0.580884370909E+01
     0.240000000000E+00    -0.578968072451E+01
     0.250000000000E+00    -0.577049503382E+01
     0.260000000000E+00    -0.575132345889E+01
     0.270000000000E+00    -0.573219865369E+01
     0.280000000000E+00    -0.571314975280E+01
     0.290000000000E+00    -0.569420288980E+01
     0.300000000000E+00    -0.567538157258E+01
     0.310000000000E+00    -0.565670700160E+01
     0.320000000000E+00    -0.563819830930E+01
     0.330000000000E+00    -0.561987274513E+01
     0.340000000000E+00    -0.560174584263E+01
     0.350000000000E+00    -0.558383154757E+01
     0.360000000000E+00    -0.556614232549E+01
     0.370000000000E+00    -0.554868925781E+01
     0.380000000000E+00    -0.553148213011E+01
     0.390000000000E+00    -0.551452951060E+01
     0.400000000000E+00    -0.549783882381E+01
     0.410000000000E+00    -0.548141642153E+01
     0.420000000000E+00    -0.546526765208E+01
     0.430000000000E+00    -0.544939692872E+01
     0.440000000000E+00    -0.543380779787E+01
     0.450000000000E+00    -0.541850300749E+01
     0.460000000000E+00    -0.540348457584E+01
     0.470000000000E+00    -0.538875386074E+01
     0.480000000000E+00    -0.537431162912E+01
     0.490000000000E+00    -0.536015812608E+01
     0.500000000000E+00    -0.534629314257E+01
     0.510000000000E+00    -0.533271608573E+01
     0.520000000000E+00    -0.531942604814E+01
     0.530000000000E+00    -0.530642187480E+01
     0.540000000000E+00    -0.529370222695E+01
     0.550000000000E+00    -0.528126564331E+01
     0.560000000000E+00    -0.526911060508E+01
     0.570000000000E+00    -0.525723559365E+01
     0.580000000000E+00    -0.524563914030E+01
     0.590000000000E+00    -0.523431988342E+01
     0.600000000000E+00    -0.522327661752E+01
     0.610000000000E+00    -0.521250832411E+01
     0.620000000000E+00    -0.520201422157E+01
     0.630000000000E+00    -0.519179380647E+01
     0.640000000000E+00    -0.518184685362E+01
     0.650000000000E+00    -0.517217346916E+01
     0.660000000000E+00    -0.516277410876E+01
     0.670000000000E+00    -0.515364954982E+01
     0.680000000000E+00    -0.514480096616E+01
     0.690000000000E+00    -0.513622987510E+01
     0.700000000000E+00    -0.512793814743E+01
     0.710000000000E+00    -0.511992804142E+01
     0.720000000000E+00    -0.511220210655E+01
     0.730000000000E+00    -0.510476327005E+01
     0.740000000000E+00    -0.509761471745E+01
     0.750000000000E+00    -0.509075993983E+01
     0.760000000000E+00    -0.508420266277E+01
     0.770000000000E+00    -0.507794682458E+01
     0.780000000000E+00    -0.507199654974E+01
     0.790000000000E+00    -0.506635608734E+01
     0.800000000000E+00    -0.506102979154E+01
     0.810000000000E+00    -0.505602206283E+01
     0.820000000000E+00    -0.505133729872E+01
     0.830000000000E+00    -0.504697987263E+01
     0.840000000000E+00    -0.504295402842E+01
     0.850000000000E+00    -0.503926392134E+01
     0.860000000000E+00    -0.503591344040E+01
     0.870000000000E+00    -0.503290632283E+01
     0.880000000000E+00    -0.503024590764E+01
     0.890000000000E+00    -0.502793530446E+01
     0.900000000000E+00    -0.502597712705E+01
     0.910000000000E+00    -0.502437363549E+01
     0.920000000000E+00    -0.502312657310E+01
     0.930000000000E+00    -0.502223712332E+01
     0.940000000000E+00    -0.502170603404E+01
     0.950000000000E+00    -0.502153321770E+01
     0.960000000000E+00    -0.502171826802E+01
     0.970000000000E+00    -0.502225973924E+01
     0.980000000000E+00    -0.502315581283E+01
     0.990000000000E+00    -0.502440372813E+01
     0.100000000000E+01    -0.502599997946E+01
     0.101000000000E+01    -0.502794051295E+01
     0.102000000000E+01    -0.503022004524E+01
     0.103000000000E+01    -0.503283299022E+01
     0.104000000000E+01    -0.503577252507E+01
     0.105000000000E+01    -0.503903113202E+01
     0.106000000000E+01    -0.504260068743E+01
     0.107000000000E+01    -0.504647170634E+01
     0.108000000000E+01    -0.505063443512E+01
     0.109000000000E+01    -0.505507793798E+01
     0.110000000000E+01    -0.505979037930E+01
     0.111000000000E+01    -0.506475959033E+01
     0.112000000000E+01    -0.506997196564E+01
     0.113000000000E+01    -0.507541348028E+01
     0.114000000000E+01    -0.508106947684E+01
     0.115000000000E+01    -0.508692401224E+01
     0.116000000000E+01    -0.509296095841E+01
     0.117000000000E+01    -0.509916332635E+01
     0.118000000000E+01    -0.510551314116E+01
     0.119000000000E+01    -0.511199231403E+01
     0.120000000000E+01    -0.511858183869E+01
     0.121000000000E+01    -0.512526199132E+01
     0.122000000000E+01    -0.513201295751E+01
     0.123000000000E+01    -0.513881410005E+01
     0.124000000000E+01    -0.514564425468E+01
     0.125000000000E+01    -0.515248219385E+01
     0.126000000000E+01    -0.515930606804E+01
     0.127000000000E+01    -0.516609363258E+01
     0.128000000000E+01    -0.517282261253E+01
     0.129000000000E+01    -0.517947037664E+01
     0.130000000000E+01    -0.518601402047E+01
     0.131000000000E+01    -0.519243062978E+01
     0.132000000000E+01    -0.519869720881E+01
     0.133000000000E+01    -0.520479067002E+01
     0.134000000000E+01    -0.521068792170E+01
     0.135000000000E+01    -0.521636597900E+01
     0.136000000000E+01    -0.522180207615E+01
     0.137000000000E+01    -0.522697347420E+01
     0.138000000000E+01    -0.523185755788E+01
     0.139000000000E+01    -0.523643232933E+01
     0.140000000000E+01    -0.524067598307E+01
     0.141000000000E+01    -0.524456675437E+01
     0.142000000000E+01    -0.524808365765E+01
     0.143000000000E+01    -0.525120640832E+01
     0.144000000000E+01    -0.525391474690E+01
     0.145000000000E+01    -0.525618885860E+01
     0.146000000000E+01    -0.525801036690E+01
     0.147000000000E+01    -0.525936118555E+01
     0.148000000000E+01    -0.526022329236E+01
     0.149000000000E+01    -0.526058003241E+01
     0.150000000000E+01    -0.526041606177E+01
     0.151000000000E+01    -0.525971608928E+01
     0.152000000000E+01    -0.525846519965E+01
     0.153000000000E+01    -0.525665068417E+01
     0.154000000000E+01    -0.525426063686E+01
     0.155000000000E+01    -0.525128315468E+01
     0.156000000000E+01    -0.524770729624E+01
     0.157000000000E+01    -0.524352466108E+01
     0.158000000000E+01    -0.523872726361E+01
     0.159000000000E+01    -0.523330714102E+01
     0.160000000000E+01    -0.522725789464E+01
     0.161000000000E+01    -0.522057566932E+01
     0.162000000000E+01    -0.521325684328E+01
     0.163000000000E+01    -0.520529784325E+01
     0.164000000000E+01    -0.519669702750E+01
     0.165000000000E+01    -0.518745529079E+01
     0.166000000000E+01    -0.517757370013E+01
     0.167000000000E+01    -0.516705336685E+01
     0.168000000000E+01    -0.515589735286E+01
     0.169000000000E+01    -0.514411139407E+01
     0.170000000000E+01    -0.513170141992E+01
     0.171000000000E+01    -0.511867337476E+01
     0.172000000000E+01    -0.510503477711E+01
     0.173000000000E+01    -0.509079608741E+01
     0.174000000000E+01    -0.507596808850E+01
     0.175000000000E+01    -0.506056156331E+01
     0.176000000000E+01    -0.504458818010E+01
     0.177000000000E+01    -0.502806268481E+01
     0.178000000000E+01    -0.501100049178E+01
     0.179000000000E+01    -0.499341701533E+01
     0.180000000000E+01    -0.497532793511E+01
     0.181000000000E+01    -0.495675143857E+01
     0.182000000000E+01    -0.493770709373E+01
     0.183000000000E+01    -0.491821448300E+01
     0.184000000000E+01    -0.489829320383E+01
     0.185000000000E+01    -0.487796404421E+01
     0.186000000000E+01    -0.485724982404E+01
     0.187000000000E+01    -0.483617356177E+01
     0.188000000000E+01    -0.481475827590E+01
     0.189000000000E+01    -0.479302716118E+01
     0.190000000000E+01    -0.477100489663E+01
     0.191000000000E+01    -0.474871690477E+01
     0.192000000000E+01    -0.472618861364E+01
     0.193000000000E+01    -0.470344545154E+01
     0.194000000000E+01    -0.468051308717E+01
     0.195000000000E+01    -0.465741788198E+01
     0.196000000000E+01    -0.463418632152E+01
     0.197000000000E+01    -0.461084489130E+01
     0.198000000000E+01    -0.458742007233E+01
     0.199000000000E+01    -0.456393809829E+01
     0.200000000000E+01    -0.454042483233E+01
     0.201000000000E+01    -0.451690610716E+01
     0.202000000000E+01    -0.449340775550E+01
     0.203000000000E+01    -0.446995556339E+01
     0.204000000000E+01    -0.444657403749E+01
     0.205000000000E+01    -0.442328627923E+01
     0.206000000000E+01    -0.440011531813E+01
     0.207000000000E+01    -0.437708418370E+01
     0.208000000000E+01    -0.435421581701E+01
     0.209000000000E+01    -0.433153070248E+01
     0.210000000000E+01    -0.430904660759E+01
     0.211000000000E+01    -0.428678115915E+01
     0.212000000000E+01    -0.426475198398E+01
     0.213000000000E+01    -0.424297665310E+01
     0.214000000000E+01    -0.422146943534E+01
     0.215000000000E+01    -0.420023950671E+01
     0.216000000000E+01    -0.417929560807E+01
     0.217000000000E+01    -0.415864648029E+01
     0.218000000000E+01    -0.413830086312E+01
     0.219000000000E+01    -0.411826488632E+01
     0.220000000000E+01    -0.409853651299E+01
     0.221000000000E+01    -0.407911211318E+01
     0.222000000000E+01    -0.405998805695E+01
     0.223000000000E+01    -0.404116071435E+01
     0.224000000000E+01    -0.402262530964E+01
     0.225000000000E+01    -0.400436523102E+01
     0.226000000000E+01    -0.398635688071E+01
     0.227000000000E+01    -0.396857657053E+01
     0.228000000000E+01    -0.395100061227E+01
     0.229000000000E+01    -0.393360533905E+01
     0.230000000000E+01    -0.391637264988E+01
     0.231000000000E+01    -0.389929742247E+01
     0.232000000000E+01    -0.388237638086E+01
     0.233000000000E+01    -0.386560624913E+01
     0.234000000000E+01    -0.384898375132E+01
     0.235000000000E+01    -0.383250565455E+01
     0.236000000000E+01    -0.381616957992E+01
     0.237000000000E+01    -0.379997393295E+01
     0.238000000000E+01    -0.378391714826E+01
     0.239000000000E+01    -0.376799766048E+01
     0.240000000000E+01    -0.375221390424E+01
     0.241000000000E+01    -0.373656430120E+01
     0.242000000000E+01    -0.372104715678E+01
     0.243000000000E+01    -0.370566071508E+01
     0.244000000000E+01    -0.369040321964E+01
     0.245000000000E+01    -0.367527291402E+01
     0.246000000000E+01    -0.366026804176E+01
     0.247000000000E+01    -0.364538687025E+01
     0.248000000000E+01    -0.363062783921E+01
     0.249000000000E+01    -0.361598946418E+01
     0.250000000000E+01    -0.360147026100E+01
     0.251000000000E+01    -0.358706874550E+01
     0.252000000000E+01    -0.357278343354E+01
     0.253000000000E+01    -0.355861284911E+01
     0.254000000000E+01    -0.354455559321E+01
     0.255000000000E+01    -0.353061030919E+01
     0.256000000000E+01    -0.351677564083E+01
     0.257000000000E+01    -0.350305023192E+01
     0.258000000000E+01    -0.348943272623E+01
     0.259000000000E+01    -0.347592177045E+01
     0.260000000000E+01    -0.346251607949E+01
     0.261000000000E+01    -0.344921443745E+01
     0.262000000000E+01    -0.343601563152E+01
     0.263000000000E+01    -0.342291844887E+01
     0.264000000000E+01    -0.340992167669E+01
     0.265000000000E+01    -0.339702410220E+01
     0.266000000000E+01    -0.338422453984E+01
     0.267000000000E+01    -0.337152188279E+01
     0.268000000000E+01    -0.335891503836E+01
     0.269000000000E+01    -0.334640291386E+01
     0.270000000000E+01    -0.333398441658E+01
     0.271000000000E+01    -0.332165845384E+01
     0.272000000000E+01    -0.330942393626E+01
     0.273000000000E+01    -0.329727983115E+01
     0.274000000000E+01    -0.328522515346E+01
     0.275000000000E+01    -0.327325891961E+01
     0.276000000000E+01    -0.326138014603E+01
     0.277000000000E+01    -0.324958784913E+01
     0.278000000000E+01    -0.323788104534E+01
     0.279000000000E+01    -0.322625876144E+01
     0.280000000000E+01    -0.321472008713E+01
     0.281000000000E+01    -0.320326413575E+01
     0.282000000000E+01    -0.319189002064E+01
     0.283000000000E+01    -0.318059685518E+01
     0.284000000000E+01    -0.316938375273E+01
     0.285000000000E+01    -0.315824982666E+01
     0.286000000000E+01    -0.314719420446E+01
     0.287000000000E+01    -0.313621607154E+01
     0.288000000000E+01    -0.312531462808E+01
     0.289000000000E+01    -0.311448907430E+01
     0.290000000000E+01    -0.310373861037E+01
     0.291000000000E+01    -0.309306243650E+01
     0.292000000000E+01    -0.308245975289E+01
     0.293000000000E+01    -0.307192977093E+01
     0.294000000000E+01    -0.306147175368E+01
     0.295000000000E+01    -0.305108497907E+01
     0.296000000000E+01    -0.304076872504E+01
     0.297000000000E+01    -0.303052226950E+01
     0.298000000000E+01    -0.302034489041E+01
     0.299000000000E+01    -0.301023586569E+01
     0.300000000000E+01    -0.300019447796E+01
     0.301000000000E+01    -0.299022005222E+01
     0.302000000000E+01    -0.298031193592E+01
     0.303000000000E+01    -0.297046947672E+01
     0.304000000000E+01    -0.296069202230E+01
     0.305000000000E+01    -0.295097892031E+01
     0.306000000000E+01    -0.294132951842E+01
     0.307000000000E+01    -0.293174316472E+01
     0.308000000000E+01    -0.292221923112E+01
     0.309000000000E+01    -0.291275712499E+01
     0.310000000000E+01    -0.290335625662E+01
     0.311000000000E+01    -0.289401603631E+01
     0.312000000000E+01    -0.288473587435E+01
     0.313000000000E+01    -0.287551518102E+01
     0.314000000000E+01    -0.286635336663E+01
     0.315000000000E+01    -0.285724984579E+01
     0.316000000000E+01    -0.284820406812E+01
     0.317000000000E+01    -0.283921550011E+01
     0.318000000000E+01    -0.283028360838E+01
     0.319000000000E+01    -0.282140785955E+01
     0.320000000000E+01    -0.281258772021E+01
     0.321000000000E+01    -0.280382265700E+01
     0.322000000000E+01    -0.279511213651E+01
     0.323000000000E+01    -0.278645563412E+01
     0.324000000000E+01    -0.277785265899E+01
     0.325000000000E+01    -0.276930272844E+01
     0.326000000000E+01    -0.276080535981E+01
     0.327000000000E+01    -0.275236007040E+01
     0.328000000000E+01    -0.274396637756E+01
     0.329000000000E+01    -0.273562379860E+01
     0.330000000000E+01    -0.272733185084E+01
     0.331000000000E+01    -0.271909006065E+01
     0.332000000000E+01    -0.271089798471E+01
     0.333000000000E+01    -0.270275518605E+01
     0.334000000000E+01    -0.269466122770E+01
     0.335000000000E+01    -0.268661567271E+01
     0.336000000000E+01    -0.267861808410E+01
     0.337000000000E+01    -0.267066802491E+01
     0.338000000000E+01    -0.266276505818E+01
     0.339000000000E+01    -0.265490875210E+01
     0.340000000000E+01    -0.264709870205E+01
     0.341000000000E+01    -0.263933451230E+01
     0.342000000000E+01    -0.263161578712E+01
     0.343000000000E+01    -0.262394213080E+01
     0.344000000000E+01    -0.261631314762E+01
     0.345000000000E+01    -0.260872844185E+01
     0.346000000000E+01    -0.260118761776E+01
     0.347000000000E+01    -0.259369028073E+01
     0.348000000000E+01    -0.258623605528E+01
     0.349000000000E+01    -0.257882458238E+01
     0.350000000000E+01    -0.257145550358E+01
     0.351000000000E+01    -0.256412846038E+01
     0.352000000000E+01    -0.255684309431E+01
     0.353000000000E+01    -0.254959904691E+01
     0.354000000000E+01    -0.254239595968E+01
     0.355000000000E+01    -0.253523347416E+01
     0.356000000000E+01    -0.252811123750E+01
     0.357000000000E+01    -0.252102891928E+01
     0.358000000000E+01    -0.251398619470E+01
     0.359000000000E+01    -0.250698273893E+01
     0.360000000000E+01    -0.250001822715E+01
     0.361000000000E+01    -0.249309233456E+01
     0.362000000000E+01    -0.248620473633E+01
     0.363000000000E+01    -0.247935510765E+01
     0.364000000000E+01    -0.247254312376E+01
     0.365000000000E+01    -0.246576846916E+01
     0.366000000000E+01    -0.245903084717E+01
     0.367000000000E+01    -0.245232996342E+01
     0.368000000000E+01    -0.244566552353E+01
     0.369000000000E+01    -0.243903723313E+01
     0.370000000000E+01    -0.243244479782E+01
     0.371000000000E+01    -0.242588792325E+01
     0.372000000000E+01    -0.241936631502E+01
     0.373000000000E+01    -0.241287967884E+01
     0.374000000000E+01    -0.240642772902E+01
     0.375000000000E+01    -0.240001019678E+01
     0.376000000000E+01    -0.239362681527E+01
     0.377000000000E+01    -0.238727731767E+01
     0.378000000000E+01    -0.238096143714E+01
     0.379000000000E+01    -0.237467890684E+01
     0.380000000000E+01    -0.236842945994E+01
     0.381000000000E+01    -0.236221282960E+01
     0.382000000000E+01    -0.235602874898E+01
     0.383000000000E+01    -0.234987695594E+01
     0.384000000000E+01    -0.234375720489E+01
     0.385000000000E+01    -0.233766925393E+01
     0.386000000000E+01    -0.233161286117E+01
     0.387000000000E+01    -0.232558778469E+01
     0.388000000000E+01    -0.231959378259E+01
     0.389000000000E+01    -0.231363061297E+01
     0.390000000000E+01    -0.230769803393E+01
     0.391000000000E+01    -0.230179580356E+01
     0.392000000000E+01    -0.229592368080E+01
     0.393000000000E+01    -0.229008143682E+01
     0.394000000000E+01    -0.228426885206E+01
     0.395000000000E+01    -0.227848570721E+01
     0.396000000000E+01    -0.227273178293E+01
     0.397000000000E+01    -0.226700685990E+01
     0.398000000000E+01    -0.226131071880E+01
     0.399000000000E+01    -0.225564314031E+01
     0.400000000000E+01    -0.225000390509E+01
     0.401000000000E+01    -0.224439279382E+01
     0.402000000000E+01    -0.223880959000E+01
     0.403000000000E+01    -0.223325409069E+01
     0.404000000000E+01    -0.222772609700E+01
     0.405000000000E+01    -0.222222541008E+01
     0.406000000000E+01    -0.221675183105E+01
     0.407000000000E+01    -0.221130516103E+01
     0.408000000000E+01    -0.220588520117E+01
     0.409000000000E+01    -0.220049175258E+01
     0.410000000000E+01    -0.219512461640E+01
     0.411000000000E+01    -0.218978359375E+01
     0.412000000000E+01    -0.218446848916E+01
     0.413000000000E+01    -0.217917911950E+01
     0.414000000000E+01    -0.217391530444E+01
     0.415000000000E+01    -0.216867686363E+01
     0.416000000000E+01    -0.216346361673E+01
     0.417000000000E+01    -0.215827538342E+01
     0.418000000000E+01    -0.215311198335E+01
     0.419000000000E+01    -0.214797323618E+01
     0.420000000000E+01    -0.214285896158E+01
     0.421000000000E+01    -0.213776897921E+01
     0.422000000000E+01    -0.213270311065E+01
     0.423000000000E+01    -0.212766118846E+01
     0.424000000000E+01    -0.212264304910E+01
     0.425000000000E+01    -0.211764852902E+01
     0.426000000000E+01    -0.211267746469E+01
     0.427000000000E+01    -0.210772969256E+01
     0.428000000000E+01    -0.210280504910E+01
     0.429000000000E+01    -0.209790337077E+01
     0.430000000000E+01    -0.209302449402E+01
     0.431000000000E+01    -0.208816825532E+01
     0.432000000000E+01    -0.208333449141E+01
     0.433000000000E+01    -0.207852304613E+01
     0.434000000000E+01    -0.207373377081E+01
     0.435000000000E+01    -0.206896651715E+01
     0.436000000000E+01    -0.206422113682E+01
     0.437000000000E+01    -0.205949748152E+01
     0.438000000000E+01    -0.205479540292E+01
     0.439000000000E+01    -0.205011475273E+01
     0.440000000000E+01    -0.204545538262E+01
     0.441000000000E+01    -0.204081714428E+01
     0.442000000000E+01    -0.203619988940E+01
     0.443000000000E+01    -0.203160347094E+01
     0.444000000000E+01    -0.202702775067E+01
     0.445000000000E+01    -0.202247259406E+01
     0.446000000000E+01    -0.201793786661E+01
     0.447000000000E+01    -0.201342343380E+01
     0.448000000000E+01    -0.200892916113E+01
     0.449000000000E+01    -0.200445491409E+01
     0.450000000000E+01    -0.200000055817E+01
     0.451000000000E+01    -0.199556595887E+01
     0.452000000000E+01    -0.199115098166E+01
     0.453000000000E+01    -0.198675549206E+01
     0.454000000000E+01    -0.198237935706E+01
     0.455000000000E+01    -0.197802245189E+01
     0.456000000000E+01    -0.197368465458E+01
     0.457000000000E+01    -0.196936584312E+01
     0.458000000000E+01    -0.196506589552E+01
     0.459000000000E+01    -0.196078468980E+01
     0.460000000000E+01    -0.195652210395E+01
     0.461000000000E+01    -0.195227801599E+01
     0.462000000000E+01    -0.194805230392E+01
     0.463000000000E+01    -0.194384484576E+01
     0.464000000000E+01    -0.193965551950E+01
     0.465000000000E+01    -0.193548420384E+01
     0.466000000000E+01    -0.193133078418E+01
     0.467000000000E+01    -0.192719514985E+01
     0.468000000000E+01    -0.192307719020E+01
     0.469000000000E+01    -0.191897679458E+01
     0.470000000000E+01    -0.191489385235E+01
     0.471000000000E+01    -0.191082825287E+01
     0.472000000000E+01    -0.190677988551E+01
     0.473000000000E+01    -0.190274863961E+01
     0.474000000000E+01    -0.189873440453E+01
     0.475000000000E+01    -0.189473706964E+01
     0.476000000000E+01    -0.189075652431E+01
     0.477000000000E+01    -0.188679266110E+01
     0.478000000000E+01    -0.188284537891E+01
     0.479000000000E+01    -0.187891457739E+01
     0.480000000000E+01    -0.187500015618E+01
     0.481000000000E+01    -0.187110201494E+01
     0.482000000000E+01    -0.186722005332E+01
     0.483000000000E+01    -0.186335417097E+01
     0.484000000000E+01    -0.185950426754E+01
     0.485000000000E+01    -0.185567024268E+01
     0.486000000000E+01    -0.185185199603E+01
     0.487000000000E+01    -0.184804942725E+01
     0.488000000000E+01    -0.184426243617E+01
     0.489000000000E+01    -0.184049092703E+01
     0.490000000000E+01    -0.183673480861E+01
     0.491000000000E+01    -0.183299398988E+01
     0.492000000000E+01    -0.182926837983E+01
     0.493000000000E+01    -0.182555788745E+01
     0.494000000000E+01    -0.182186242172E+01
     0.495000000000E+01    -0.181818189163E+01
     0.496000000000E+01    -0.181451620615E+01
     0.497000000000E+01    -0.181086527427E+01
     0.498000000000E+01    -0.180722900498E+01
     0.499000000000E+01    -0.180360730726E+01
     0.500000000000E+01    -0.180000009022E+01
     0.501000000000E+01    -0.179640726674E+01
     0.502000000000E+01    -0.179282875403E+01
     0.503000000000E+01    -0.178926446954E+01
     0.504000000000E+01    -0.178571433073E+01
     0.505000000000E+01    -0.178217825503E+01
     0.506000000000E+01    -0.177865615990E+01
     0.507000000000E+01    -0.177514796279E+01
     0.508000000000E+01    -0.177165358114E+01
     0.509000000000E+01    -0.176817293241E+01
     0.510000000000E+01    -0.176470593405E+01
     0.511000000000E+01    -0.176125250350E+01
     0.512000000000E+01    -0.175781255821E+01
     0.513000000000E+01    -0.175438601737E+01
     0.514000000000E+01    -0.175097280520E+01
     0.515000000000E+01    -0.174757284682E+01
     0.516000000000E+01    -0.174418606737E+01
     0.517000000000E+01    -0.174081239196E+01
     0.518000000000E+01    -0.173745174573E+01
     0.519000000000E+01    -0.173410405380E+01
     0.520000000000E+01    -0.173076924130E+01
     0.521000000000E+01    -0.172744723335E+01
     0.522000000000E+01    -0.172413795507E+01
     0.523000000000E+01    -0.172084133161E+01
     0.524000000000E+01    -0.171755728807E+01
     0.525000000000E+01    -0.171428574971E+01
     0.526000000000E+01    -0.171102664495E+01
     0.527000000000E+01    -0.170777990570E+01
     0.528000000000E+01    -0.170454546404E+01
     0.529000000000E+01    -0.170132325208E+01
     0.530000000000E+01    -0.169811320188E+01
     0.531000000000E+01    -0.169491524556E+01
     0.532000000000E+01    -0.169172931519E+01
     0.533000000000E+01    -0.168855534287E+01
     0.534000000000E+01    -0.168539326067E+01
     0.535000000000E+01    -0.168224300071E+01
     0.536000000000E+01    -0.167910449505E+01
     0.537000000000E+01    -0.167597767580E+01
     0.538000000000E+01    -0.167286247518E+01
     0.539000000000E+01    -0.166975882847E+01
     0.540000000000E+01    -0.166666667397E+01
     0.541000000000E+01    -0.166358595006E+01
     0.542000000000E+01    -0.166051659516E+01
     0.543000000000E+01    -0.165745854767E+01
     0.544000000000E+01    -0.165441174600E+01
     0.545000000000E+01    -0.165137612855E+01
     0.546000000000E+01    -0.164835163372E+01
     0.547000000000E+01    -0.164533819992E+01
     0.548000000000E+01    -0.164233576556E+01
     0.549000000000E+01    -0.163934426903E+01
     0.550000000000E+01    -0.163636364875E+01
     0.551000000000E+01    -0.163339384313E+01
     0.552000000000E+01    -0.163043479232E+01
     0.553000000000E+01    -0.162748644004E+01
     0.554000000000E+01    -0.162454873040E+01
     0.555000000000E+01    -0.162162160754E+01
     0.556000000000E+01    -0.161870501560E+01
     0.557000000000E+01    -0.161579889871E+01
     0.558000000000E+01    -0.161290320099E+01
     0.559000000000E+01    -0.161001786659E+01
     0.560000000000E+01    -0.160714283964E+01
     0.561000000000E+01    -0.160427806426E+01
     0.562000000000E+01    -0.160142348459E+01
     0.563000000000E+01    -0.159857904476E+01
     0.564000000000E+01    -0.159574468891E+01
     0.565000000000E+01    -0.159292036138E+01
     0.566000000000E+01    -0.159010600940E+01
     0.567000000000E+01    -0.158730158226E+01
     0.568000000000E+01    -0.158450702927E+01
     0.569000000000E+01    -0.158172229978E+01
     0.570000000000E+01    -0.157894734310E+01
     0.571000000000E+01    -0.157618210856E+01
     0.572000000000E+01    -0.157342654550E+01
     0.573000000000E+01    -0.157068060324E+01
     0.574000000000E+01    -0.156794423110E+01
     0.575000000000E+01    -0.156521737842E+01
     0.576000000000E+01    -0.156249999452E+01
     0.577000000000E+01    -0.155979202873E+01
     0.578000000000E+01    -0.155709343038E+01
     0.579000000000E+01    -0.155440414906E+01
     0.580000000000E+01    -0.155172413709E+01
     0.581000000000E+01    -0.154905334850E+01
     0.582000000000E+01    -0.154639173733E+01
     0.583000000000E+01    -0.154373925762E+01
     0.584000000000E+01    -0.154109586340E+01
     0.585000000000E+01    -0.153846150872E+01
     0.586000000000E+01    -0.153583614762E+01
     0.587000000000E+01    -0.153321973413E+01
     0.588000000000E+01    -0.153061222230E+01
     0.589000000000E+01    -0.152801356616E+01
     0.590000000000E+01    -0.152542371976E+01
     0.591000000000E+01    -0.152284263714E+01
     0.592000000000E+01    -0.152027027233E+01
     0.593000000000E+01    -0.151770657942E+01
     0.594000000000E+01    -0.151515151428E+01
     0.595000000000E+01    -0.151260503508E+01
     0.596000000000E+01    -0.151006710013E+01
     0.597000000000E+01    -0.150753766774E+01
     0.598000000000E+01    -0.150501669623E+01
     0.599000000000E+01    -0.150250414391E+01
     0.600000000000E+01    -0.149999996909E+01
     0.601000000000E+01    -0.149750413009E+01
     0.602000000000E+01    -0.149501658521E+01
     0.603000000000E+01    -0.149253729278E+01
     0.604000000000E+01    -0.149006621111E+01
     0.605000000000E+01    -0.148760329851E+01
     0.606000000000E+01    -0.148514851330E+01
     0.607000000000E+01    -0.148270181378E+01
     0.608000000000E+01    -0.148026315856E+01
     0.609000000000E+01    -0.147783250866E+01
     0.610000000000E+01    -0.147540982624E+01
     0.611000000000E+01    -0.147299507350E+01
     0.612000000000E+01    -0.147058821263E+01
     0.613000000000E+01    -0.146818920582E+01
     0.614000000000E+01    -0.146579801525E+01
     0.615000000000E+01    -0.146341460313E+01
     0.616000000000E+01    -0.146103893163E+01
     0.617000000000E+01    -0.145867096295E+01
     0.618000000000E+01    -0.145631065928E+01
     0.619000000000E+01    -0.145395798280E+01
     0.620000000000E+01    -0.145161289572E+01
     0.621000000000E+01    -0.144927536021E+01
     0.622000000000E+01    -0.144694533847E+01
     0.623000000000E+01    -0.144462279296E+01
     0.624000000000E+01    -0.144230768830E+01
     0.625000000000E+01    -0.143999999020E+01
     0.626000000000E+01    -0.143769966435E+01
     0.627000000000E+01    -0.143540667648E+01
     0.628000000000E+01    -0.143312099228E+01
     0.629000000000E+01    -0.143084257745E+01
     0.630000000000E+01    -0.142857139771E+01
     0.631000000000E+01    -0.142630741877E+01
     0.632000000000E+01    -0.142405060631E+01
     0.633000000000E+01    -0.142180092606E+01
     0.634000000000E+01    -0.141955834372E+01
     0.635000000000E+01    -0.141732282499E+01
     0.636000000000E+01    -0.141509433558E+01
     0.637000000000E+01    -0.141287284120E+01
     0.638000000000E+01    -0.141065830758E+01
     0.639000000000E+01    -0.140845070178E+01
     0.640000000000E+01    -0.140624999260E+01
     0.641000000000E+01    -0.140405614891E+01
     0.642000000000E+01    -0.140186913961E+01
     0.643000000000E+01    -0.139968893361E+01
     0.644000000000E+01    -0.139751549979E+01
     0.645000000000E+01    -0.139534880705E+01
     0.646000000000E+01    -0.139318882429E+01
     0.647000000000E+01    -0.139103552039E+01
     0.648000000000E+01    -0.138888886425E+01
     0.649000000000E+01    -0.138674882478E+01
     0.650000000000E+01    -0.138461537086E+01
     0.651000000000E+01    -0.138248847138E+01
     0.652000000000E+01    -0.138036809525E+01
     0.653000000000E+01    -0.137825421136E+01
     0.654000000000E+01    -0.137614678873E+01
     0.655000000000E+01    -0.137404579803E+01
     0.656000000000E+01    -0.137195121102E+01
     0.657000000000E+01    -0.136986299950E+01
     0.658000000000E+01    -0.136778113525E+01
     0.659000000000E+01    -0.136570559006E+01
     0.660000000000E+01    -0.136363633571E+01
     0.661000000000E+01    -0.136157334400E+01
     0.662000000000E+01    -0.135951658670E+01
     0.663000000000E+01    -0.135746603561E+01
     0.664000000000E+01    -0.135542166252E+01
     0.665000000000E+01    -0.135338343920E+01
     0.666000000000E+01    -0.135135133745E+01
     0.667000000000E+01    -0.134932532906E+01
     0.668000000000E+01    -0.134730538581E+01
     0.669000000000E+01    -0.134529147949E+01
     0.670000000000E+01    -0.134328358195E+01
     0.671000000000E+01    -0.134128166631E+01
     0.672000000000E+01    -0.133928570692E+01
     0.673000000000E+01    -0.133729567821E+01
     0.674000000000E+01    -0.133531155458E+01
     0.675000000000E+01    -0.133333331044E+01
     0.676000000000E+01    -0.133136092021E+01
     0.677000000000E+01    -0.132939435829E+01
     0.678000000000E+01    -0.132743359909E+01
     0.679000000000E+01    -0.132547861703E+01
     0.680000000000E+01    -0.132352938651E+01
     0.681000000000E+01    -0.132158588195E+01
     0.682000000000E+01    -0.131964807776E+01
     0.683000000000E+01    -0.131771594834E+01
     0.684000000000E+01    -0.131578946811E+01
     0.685000000000E+01    -0.131386861148E+01
     0.686000000000E+01    -0.131195335286E+01
     0.687000000000E+01    -0.131004366703E+01
     0.688000000000E+01    -0.130813953036E+01
     0.689000000000E+01    -0.130624091963E+01
     0.690000000000E+01    -0.130434781163E+01
     0.691000000000E+01    -0.130246018316E+01
     0.692000000000E+01    -0.130057801101E+01
     0.693000000000E+01    -0.129870127195E+01
     0.694000000000E+01    -0.129682994280E+01
     0.695000000000E+01    -0.129496400033E+01
     0.696000000000E+01    -0.129310342134E+01
     0.697000000000E+01    -0.129124818261E+01
     0.698000000000E+01    -0.128939826094E+01
     0.699000000000E+01    -0.128755363311E+01
     0.700000000000E+01    -0.128571427592E+01
